13863
27791
16551
28207
17262
12432
1207
24419
6905
17224
7177
11836
3316
26384
29161
30789
27107
13324
19145
20413
26026
5032
16084
14852
10317
14641
17676
30001
13705
11520
12814
9024
2339
9486
24818
30211
14231
16158
16269
24475
1738
29967
30922
21186
6039
879
17534
11258
24589
12577
12566
31480
7458
27944
16912
179
25889
26421
18415
20300
13932
32400
27798
31109
14747
28647
7956
15062
27056
23442
20155
12738
16060
30657
29964
7438
1046
22099
4861
18755
3652
22855
1905
2562
10427
16570
30044
21224
7431
32561
15128
32299
2256
25819
25996
12381
28291
32055
6658
10993
