464
422
314
417
446
290
266
339
436
367
419
333
201
497
446
255
360
342
252
353
484
429
415
200
280
357
232
433
384
321
312
394
310
465
470
207
421
227
431
395
318
437
286
245
500
236
492
455
438
253
254
253
393
493
337
476
452
439
324
229
232
268
276
486
356
362
220
420
263
374
288
266
431
402
270
378
479
297
303
259
344
350
249
304
393
478
491
438
388
283
371
456
334
409
249
290
330
407
472
242
499
499
241
270
345
300
205
432
394
269
287
219
250
276
221
388
241
366
409
445
319
318
315
400
213
280
237
397
319
258
341
258
239
458
336
287
275
261
239
253
254
292
337
252
240
205
443
379
425
249
401
236
275
460
458
402
442
335
464
213
328
358
348
409
323
388
283
427
487
266
305
222
230
403
456
297
295
404
463
304
427
375
374
331
366
240
265
471
233
491
302
354
306
476
372
481
393
228
500
402
441
309
425
297
265
433
370
283
222
351
310
362
244
214
404
344
452
433
325
347
328
486
318
398
471
470
355
440
454
421
411
274
470
346
463
325
201
439
206
415
225
351
310
228
319
405
288
207
320
500
262
349
456
330
216
477
270
500
483
366
460
305
499
353
430
338
449
360
395
270
343
231
256
367
454
220
254
267
219
460
387
256
487
263
423
313
309
333
282
244
231
275
499
384
231
277
298
217
455
476
472
312
377
256
326
254
228
296
483
317
450
201
363
364
438
393
326
457
362
400
282
465
202
281
377
233
361
461
319
444
322
447
430
470
354
246
401
469
202
356
205
336
399
399
397
454
435
459
456
306
234
236
264
284
249
269
223
242
206
214
239
466
309
442
359
314
333
423
283
360
492
334
424
419
398
218
223
311
481
396
347
236
479
395
332
349
282
322
236
392
348
421
437
425
446
369
464
410
282
248
494
242
354
260
262
229
468
200
251
420
369
490
445
457
470
309
370
380
207
412
236
385
492
499
376
356
253
369
386
223
347
339
267
369
310
246
425
453
307
424
235
423
469
201
428
490
460
372
355
447
376
442
346
328
391
467
451
375
203
386
333
327
498
410
232
480
500
346
219
234
219
375
368
226
275
249
289
414
346
222
313
218
374
380
360
381
379
360
367
460
384
266
485
211
223
276
367
218
268
256
